# id	file_path	transparent_color_r	g	b
[TEXTURES]
0	textures\actor.png	0	136	255
20	textures\level1-side.png	255	255	255
30	textures\enemies-2.png	0	128	128
40	textures\level1-side_bank.png	255	255	255
# id	left	top	right	bottom	texture_id
[SPRITES]
# BIG MARIO 
# idle right
10001	435	49	443	65	0
# walk
10002	475	49	483	64	0		
10003	515	49	523	65	0
10004	555	49	563	64	0
# idle left
10011	329	49	337	65	0
#walk
10012	289	49	297	64	0
10013	249	49	257	65	0
10014	209	49	217	64	0
# die 
10099	325	133	341	141	0
# SMALL MARIO
# idle small right
10021	0	8	26	26	0
# walk
10022	40	8	66	26	0
10023	80	8	106	26	0
10024	120	8	146	26	0
# idle small left
10031	746	8	772	26	0
# walk
10032	706	8	732	26	0
10033	666	8	692	26	0
10034	626	8	652	26	0
#BRICK
20001	0	0	16	16	20
#GOOMBA
30001	5	14	21	29	10
30002	25	14	41	29	10
#die
30003	45	21	61	29	10
#KOOPAS
#walk left
50001	205	191	221	217	30
50002	222	191	238	217	30
#walk right
50011	187	191	202	217	30
50012	170	191	185	217	30
#die
50031	152	202	168	217	20


# ani_id	sprite1_id	time1	sprite2_id	time2	...
[ANIMATIONS]

# ==== MARIO =========
#idle BIG right
400	10001	100
#idle BIG left
401	10011	100
#idle small right
402	10021	100
#idle small left
403	10031	100
#walk right big
500	10002	100	10003	100	10004	100
#walk left big
501	10012	100	10013	100	10014	100
#walk right small
502	10022	100	10023	100	10024	100	10021	100
#walk left small
503	10032	100	10033	100	10034	100	10031	100
#die
599	10099	100
# ==== BRICK =========
601	20001	100
# ==== GOOMBA  =========
# walk
701	30001	100	30002	100
# die
702	30003	100

# ==== KOOPAS  =========
#walk left
801	50001	100	50002	100
#walk right
802	50011	100	50012	100'
#die
803	50031	100
# id	ani1	ani2	ani3
[ANIMATION_SETS]
# MARIO
1	400	401	402	403	500	501	502	503	599
# BRICK 
21	601	100
# QUESTION MARK BRICK 
#22	602
# GOOMBA
3	701	702
#KOOPAS
4	801	802	803
[OBJECTS]
# type	l	t	ani_set_id	extra_settings per object type
# type: 0 = Mario , 1 = Brick, 2 = Goomba, 3 = Koopas
# MARIO
0	20	18	1
# KOOPAS
#3	20	124	4
# BRICK 
# --- platform (hint: I created the list using Excel!) ----
1	18	14	21
1	18	15	21
1	18	16	21
1	18	17	21
1	18	18	21
1	18	19	21
1	18	20	21
1	18	21	21
1	18	22	21
1	18	23	21
1	18	24	21
1	18	25	21
1	18	26	21
1	18	27	21
1	18	28	21
1	18	29	21
1	18	30	21
1	18	31	21
1	18	32	21
1	18	33	21
1	18	34	21
1	18	35	21
1	18	36	21
1	18	37	21
1	18	38	21
1	18	39	21
1	18	40	21
1	18	41	21
1	18	42	21
1	18	43	21
1	18	44	21
1	18	45	21
1	18	46	21
1	18	47	21
1	18	48	21
1	18	49	21
1	18	50	21
1	18	51	21
1	18	52	21
1	18	53	21
1	18	54	21
1	18	55	21
1	18	56	21
1	18	57	21
1	19	57	21
1	20	57	21
1	21	57	21
1	22	57	21
1	23	57	21
1	24	57	21
1	25	57	21
1	26	58	21
1	27	58	21
1	28	58	21
1	29	58	21
1	30	58	21
1	31	58	21
1	32	58	21
1	33	58	21
1	34	58	21
1	35	58	21
1	36	58	21
1	37	58	21
1	38	58	21
1	39	57	21
1	40	57	21
1	41	57	21
1	42	58	21
1	43	58	21
1	44	58	21
1	45	58	21
1	45	59	21
1	44	59	21
1	43	59	21
1	42	59	21
1	41	59	21
1	40	59	21
1	39	59	21
1	38	59	21
1	37	59	21
1	36	59	21
1	35	59	21
1	34	59	21
1	33	59	21
1	32	59	21
1	31	59	21
1	30	59	21
1	29	59	21
1	28	59	21
1	27	59	21
1	26	59	21
1	25	60	21
1	48	57	21
1	49	57	21
1	48	58	21
1	48	59	21
1	49	59	21
1	49	58	21
1	19	21	21
1	20	21	21
1	21	21	21
1	19	33	21
1	20	33	21
1	21	33	21
1	19	41	21
1	20	41	21
1	21	41	21
1	19	49	21
1	20	49	21
1	21	49	21
1	53	56	21
1	54	56	21
1	55	56	21
1	56	56	21
1	57	56	21
1	58	56	21
1	59	56	21
1	60	56	21
1	53	57	21
1	53	58	21
1	53	59	21
1	54	59	21
1	55	59	21
1	56	59	21
1	57	59	21
1	58	59	21
1	59	59	21
1	60	59	21
1	61	59	21
1	62	59	21
1	63	59	21
1	64	59	21
1	65	59	21
1	66	59	21
1	67	59	21
1	68	59	21
1	69	59	21
1	70	59	21
1	71	59	21
1	72	59	21
1	73	59	21
1	74	59	21
1	75	59	21
1	76	59	21
1	77	59	21
1	60	57	21
1	61	58	21
1	62	58	21
1	63	58	21
1	64	58	21
1	65	58	21
1	66	58	21
1	67	57	21
1	68	57	21
1	69	57	21
1	70	58	21
1	71	58	21
1	72	58	21
1	73	58	21
1	74	58	21
1	75	57	21
1	76	57	21
1	77	57	21
1	77	58	21
1	80	55	21
1	81	55	21
1	85	56	21
1	86	56	21
1	87	56	21
1	88	56	21
1	85	58	21
1	85	59	21
1	85	57	21
1	86	59	21
1	87	59	21
1	88	59	21
1	88	58	21
1	92	55	21
1	93	55	21
1	96	57	21
1	97	57	21
1	96	58	21
1	96	59	21
1	97	59	21
1	101	56	21
1	102	56	21
1	103	56	21
1	104	56	21
1	101	59	21
1	102	59	21
1	103	59	21
1	104	59	21
1	101	57	21
1	101	58	21
1	104	57	21
1	104	58	21
1	106	57	21
1	107	57	21
1	110	57	21
1	111	57	21
1	114	57	21
1	115	57	21
1	118	57	21
1	119	57	21
1	122	57	21
1	123	57	21
1	122	58	21
1	122	59	21
1	122	60	21
1	125	49	21
1	125	50	21
1	125	51	21
1	125	52	21
1	125	53	21
1	125	54	21
1	125	55	21
1	125	56	21
1	18	66	21
1	18	65	21
1	19	64	21
1	20	64	21
1	20	69	21
1	19	69	21
1	20	72	21
1	21	72	21
1	18	70	21
1	18	71	21
1	18	72	21
1	18	73	21
1	18	74	21
1	19	75	21
1	20	75	21
1	21	75	21
1	22	75	21
1	23	75	21
1	24	75	21
1	25	75	21
1	26	76	21
1	26	77	21
1	26	78	21
1	26	79	21
1	26	80	21
1	26	81	21
1	26	82	21
1	26	83	21
1	28	76	21
1	28	77	21
1	28	78	21
1	28	79	21
1	28	80	21
1	28	81	21
1	28	82	21
1	28	83	21
1	28	84	21
1	29	76	21
1	30	75	21
1	31	75	21
1	32	75	21
1	33	75	21
1	34	75	21
1	34	76	21
1	34	77	21
1	34	78	21
1	34	79	21
1	34	80	21
1	34	81	21
1	34	82	21
1	34	83	21
1	34	84	21
1	34	85	21
1	34	86	21
1	34	87	21
1	34	88	21
1	34	89	21
1	34	90	21
1	25	82	21
1	24	81	21
1	23	81	21
1	22	81	21
1	21	81	21
1	20	81	21
1	19	81	21
1	18	83	21
1	18	84	21
1	18	85	21
1	18	86	21
1	18	87	21
1	18	88	21
1	18	89	21
1	18	90	21
1	18	91	21
1	19	89	21
1	19	92	21
1	20	92	21
1	21	92	21
1	22	91	21
1	23	91	21
1	24	91	21
1	25	91	21
1	26	91	21
1	27	91	21
1	28	90	21
1	29	85	21
1	29	86	21
1	29	87	21
1	29	88	21
1	29	89	21
1	29	90	21
1	35	91	21
1	36	91	21
1	37	91	21
1	38	91	21
1	39	91	21
1	40	91	21
1	41	91	21
1	42	92	21
1	42	93	21
1	42	94	21
1	42	95	21
1	42	96	21
1	42	97	21
1	41	97	21
1	40	97	21
1	39	98	21
1	38	97	21
1	42	103	21
1	41	103	21
1	40	103	21
1	39	103	21
1	38	103	21
1	37	103	21
1	36	103	21
1	35	103	21
1	34	103	21
1	33	103	21
1	32	103	21
1	31	103	21
1	30	103	21
1	29	103	21
1	28	103	21
1	27	103	21
1	26	103	21
1	25	103	21
1	24	103	21
1	23	103	21
1	22	103	21
1	21	103	21
1	20	103	21
1	19	103	21
# --- SCENE PORTAL ----	
# type	l	t	ani_set_id	r	b	scene_id
50	300	98	0	380	150	1
[MAP]
#title	cl	row	w	h	total bit
40	11	29	128	127	309	map\level1-side_map.txt
