# id	file_path	transparent_color_r	g	b
[TEXTURES]
0	textures\nhanvat.png	255	0	255
10	textures\2.5.png	255	0	255
30	textures\xe(1).png	242	0	255
20	textures\xe(2).png	242	0	255
40	map\2.5_bank.png	255	0	255
50	textures\t1.png	0	57	115
# id	left	top	right	bottom	texture_id
[SPRITES]
# ONLYMAN HERO
# idle right
10001	136	0	146	17	0
10002	149	1	159	17	0		
10003	162	1	172	17	0
10004	175	0	185	17	0
# idle left
10005	116	0	126	17	0
10006	103	0	113	17	0
10007	90	1	100	17	0
10008	77	0	87	17	0
# die 
10009	112	20	126	36	0
10010	93	22	109	36	0
10011	76	20	90	36	0
10012	56	22	72	36	0
10013	38	26	54	36	0	

#down right->left
10014	62	1	74	17	0
10015	188	1	200	17	0
#down bò left
10016	28	7	44	17	0
10017	44	7	60	17	0
#DOWN BÒ RIGHT
10018	202	7	218	17	0
10019	218	7	234	17	0
#---------------------------------------------#
# incar HERO 
# idle incar HERO left
10020	106	56	132	72	20
10021	75	56	101	72	20
10022	41	56	67	72	20
10023	9	56	35	72	20
# idle incar right		
10024	143	56	169	72	20
10025	174	56	200	72	20
10026	208	56	234	72	20
10027	240	56	266	72	20
#carout left->right
10028	147	334	173	360	20
10029	105	334	131	360	30
#incar up left half	
10030	107	218	132	246	20
10031	77	218	102	246	20
10032	44	218	69	246	20
10033	9	218	34	246	20
#incar up right half		
10034	143	218	168	246	20
10035	173	218	198	246	20
10036	206	218	231	246	20
10037	241	218	266	246	20
#incar up left		
10038	106	283	132	317	20
10039	76	283	102	317	20
10040	45	283	71	317	20
10041	10	283	36	317	20
#incar up right		
10042	143	283	169	317	20
10043	173	283	199	317	20
10044	204	283	230	317	20
10045	239	283	265	317	20
#-----------------------------------------------#
#bullet
50000	82	38	90	46	50
50001	75	40	79	44	50
50002	91	21	113	27	50
50003	117	20	123	42	50
50004	53	90	75	96	50

#-----------------------------------------------#
#BRICK
20001	161	1585	193	1601	10

# ani_id	sprite1_id	time1	sprite2_id	time2	...
[ANIMATIONS]

# ==== HERO=========
#-----onlyman------
1	10001	100
#----walk
2	10002	100	10003	100	10004	100
#----right
3	10005	100
#----walk
4	10006	100	10007	100	10008	100
#----die
5	10009	100	10010	100	10011	100	10012	100	10013	100
#----onlyman down
6	10014	100
7	10015	100
#----onlymandown bò
8	10016	1000
9	10017	1000
10	10018	1000
11	10019	1000
#----incar left 1,2,3,4 
12	10020	100
13	10021	100
14	10022	100
15	10023	100
#----incar right 1,2,3,4
16	10024	100
17	10025	100
18	10026	100
19	10027	100
#----incar out
20	10028	100
21	10029	100
#----incar up half left
22	10030	100
23	10031	100
24	10032	100
25	10033	100
#----incar up half right
26	10034	100
27	10035	100
28	10036	100
29	10037	100
#----incar up left
30	10038	100
31	10039	100
32	10040	100
33	10041	100
#----incar up RIGHT
34	10042	100
35	10043	100
36	10044	100
37	10045	100
#bullet
555	50000	100
556	50001	100
557	50002	100
558	50003	100
559	50004	100
# ==== BRICK =========
601	20001	100
# id	ani1	ani2	ani3
[ANIMATION_SETS]
# MARIO
1	1	2	3	4	5	6	7	8	9	10	11	12	13	14	15	16	17	18	19	20	21	22	23	24	25	26	27	28	29	30	31	32	33	34	35	36	37
# BRICK 
21	601
#Bullet
22	555	555
23	556	556
24	557	559
25	558	558
[OBJECTS]
# type	l	t	ani_set_id	extra_settings per object type
# type: 0 = Mario , 1 = Brick, 2 = Goomba, 3 = Koopas 21 ,11
# MARIO	type x,y,aniset,id
0	5	14	1	1
0	5	14	1	2
0	5	14	1	3
# BRICK 
# --- platform (hint: I created the list using Excel!) ----
1	0	0	21	2	109
1	30	2	21	31	108
1	2	8	21	3	10
1	4	8	21	6	10
1	14	8	21	18	10
1	26	4	21	30	6
1	26	8	21	30	10
1	18	12	21	26	14
1	14	16	21	18	18
1	4	20	21	6	22
1	2	20	21	3	21
1	3	21	21	4	22
1	10	20	21	22	22
1	26	20	21	30	22
1	22	24	21	26	26
1	2	28	21	6	30
1	10	28	21	14	30
1	18	28	21	30	30
1	6	32	21	10	34
1	2	36	21	18	38
1	26	36	21	30	38
1	18	40	21	30	42
1	6	44	21	10	46
1	14	44	21	18	46
1	2	48	21	6	50
1	2	52	21	17	53	
1	22	52	21	26	54
1	2	56	21	6	58
1	6	60	21	18	62
1	10	54	21	12	58
1	26	56	21	30	58
1	6	60	21	18	62
1	22	60	21	30	62
1	10	62	21	12	66
1	2	64	21	10	66
1	18	64	21	22	66
1	26	68	21	30	70
1	22	72	21	30	74
1	26	80	21	30	82
1	26	88	21	30	90
1	26	104	21	30	106
1	2	104	21	10	106
1	2	100	21	6	102
1	2	92	21	14	94
1	10	94	21	12	98
1	10	100	21	26	102
1	14	96	21	18	98
1	18	96	21	30	94
1	18	86	21	20	92
1	6	84	21	10	86
1	14	84	21	26	86
1	18	76	21	26	78
1	2	76	21	14	78
1	2	72	21	10	74
1	2	68	21	6	70
1	6	68	21	8	70
1	10	68	21	22	70
1	0	108	21	32	109
1	2	88	21	6	90
11	6	21	21	10	22
11	14	29	21	18	30
11	10	45	21	14	46
11	18	53	21	22	54
11	14	77	21	18	78
11	10	85	21	14	86

12	3	8	21	4	9
12	3	10	21	4	11
12	3	11	21	4	12
12	3	12	21	4	13
12	3	13	21	4	14
12	3	14	21	4	15
12	3	15	21	4	16
12	3	16	21	4	17
12	3	17	21	4	18
12	3	18	21	4	19
12	3	19	21	4	20
12	3	20	21	4	21
12	3	21	21	4	22

13	10	59	21	12	60
13	10	67	21	12	68
13	6	71	21	8	72	
13	10	99	21	12	100
 #--- SCENE PORTAL ----	
# type	l	t	ani_set_id,r,b		scene_id,scceneplace,lv
#50	124	55	0	125	57	4	2	1
#50	19	67	0	20	69	4	3	1
[MAP]
#title	cl	row	w	h	total bit
40	11	5	32	109	55	map\2.5_map.txt
