# id	file_path	transparent_color_r	g	b
[TEXTURES]
0	textures\actor.png	0	136	255
20	textures\level1-side.png	255	255	255
40	textures\level1-side_bank.png	255	255	255
50	textures\t1.png	0	57	115
60	textures\nhanvat.png	61	70	205
# id	left	top	right	bottom	texture_id
[SPRITES]
# ONLYMAN HERO
# idle right
10001	435	49	443	65	0
# walk
10002	475	49	483	64	0		
10003	515	49	523	65	0
10004	555	49	563	64	0
# idle left
10011	329	49	337	65	0
#walk
10012	289	49	297	64	0
10013	249	49	257	65	0
10014	209	49	217	64	0
# die 
10099	325	133	341	141	0
#down right->left
10005	368	49	378	65	0
10006	394	49	404	65	0
#down bò left
10007	245	93	260	101	0
10008	205	93	220	101	0
#DOWN BÒ RIGHT
10009	512	93	527	101	0
10010	552	93	567	101	0

# incar HERO j
# idle incar HERO
10021	0	8	26	26	0
# walk
10022	40	8	66	26	0
10023	80	8	106	26	0
10024	120	8	146	26	0
# idle incarleft
10031	746	8	772	26	0
# walk
10032	706	8	732	26	0
10033	666	8	692	26	0
10034	626	8	652	26	0
#incar jump left
10035	586	6	592	28	0
#incar jump right 
10036	160	6	186	28	0
#incar up left
10037	506	0	532	34	0
#incar up right
10038	240	0	266	34	0
#bullet
50000	82	38	90	46	50
50001	75	40	79	44	50
50002	91	21	113	27	50
50003	117	20	123	42	50
50004	53	90	75	96	50
#BRICK
20001	0	0	16	16	20
#GOOMBA

#die

#KOOPAS
#walk left

#walk right

#die



# ani_id	sprite1_id	time1	sprite2_id	time2	...
[ANIMATIONS]

# ==== HERO=========
#idle ONLYMAN right
400	10001	100
#idle ONLYMAN left
401	10011	100
#idle incar HERO
402	10021	100
#idle incarleft
403	10031	100
#walk right onlyman
500	10002	100	10003	100	10004	100
#walk left onlyman
501	10012	100	10013	100	10014	100
#walk right small
502	10022	100	10023	100	10024	100	10021	100
#walk left small
503	10032	100	10033	100	10034	100	10031	100
#die
599	10099	100
#bullet
555	50000	100
556	50001	100
557	50002	100
558	50003	100
559	50004	100
#onlyman down
404	10005	100
405	10006	100
#onlymandown bò
406	10007	1000
407	10008	1000
408	10009	1000
409	10010	1000
#incar jump left 
410	10035	100
#right
411	10036	100
#incar up left
412	10037	100
#right
413	10038	100
# ==== BRICK =========
601	20001	100
# ==== GOOMBA  =========
# walk
#701	30001	100	30002	100
# die
#702	30003	100

# ==== KOOPAS  =========
#walk left
#801	50001	100	50002	100
#walk right
#802	50011	100	50012	100'
#die
#803	50031	100
# id	ani1	ani2	ani3
[ANIMATION_SETS]
# MARIO
1	400	401	402	403	500	501	502	503	599	404	405	406	407	408	409	410	411	412	413
# BRICK 
21	601
#Bullet
22	555	555
23	556	556
24	557	559
25	558	558
# QUESTION MARK BRICK 
#22	602
# GOOMBA
#3	701	702
#KOOPAS
#4	801	802	803
[OBJECTS]
# type	l	t	ani_set_id	extra_settings per object type
# type: 0 = Mario , 1 = Brick, 2 = Goomba, 3 = Koopas 21 ,11
# MARIO	type x,y,aniset,id
0	20	18	1	1
0	20	67	1	2
0	123	55	1	3
# KOOPAS
#3	20	124	4
# BRICK 
# --- platform (hint: I created the list using Excel!) ----
1	18	67	21
1	18	68	21
1	18	14	21
1	18	15	21
1	18	16	21
1	18	17	21
1	18	18	21
1	18	19	21
1	18	20	21
1	18	21	21
1	18	22	21
1	18	23	21
1	18	24	21
1	18	25	21
1	18	26	21
1	18	27	21
1	18	28	21
1	18	29	21
1	18	30	21
1	18	31	21
1	18	32	21
1	18	33	21
1	18	34	21
1	18	35	21
1	18	36	21
1	18	37	21
1	18	38	21
1	18	39	21
1	18	40	21
1	18	41	21
1	18	42	21
1	18	43	21
1	18	44	21
1	18	45	21
1	18	46	21
1	18	47	21
1	18	48	21
1	18	49	21
1	18	50	21
1	18	51	21
1	18	52	21
1	18	53	21
1	18	54	21
1	18	55	21
1	18	56	21
1	18	57	21
1	19	57	21
1	20	57	21
1	21	57	21
1	22	57	21
1	23	57	21
1	24	57	21
1	25	57	21
1	26	58	21
1	27	58	21
1	28	58	21
1	29	58	21
1	30	58	21
1	31	58	21
1	32	58	21
1	33	58	21
1	34	58	21
1	35	58	21
1	36	58	21
1	37	58	21
1	38	58	21
1	39	57	21
1	40	57	21
1	41	57	21
1	42	58	21
1	43	58	21
1	44	58	21
1	45	58	21
1	45	59	21
1	44	59	21
1	43	59	21
1	42	59	21
1	41	59	21
1	40	59	21
1	39	59	21
1	38	59	21
1	37	59	21
1	36	59	21
1	35	59	21
1	34	59	21
1	33	59	21
1	32	59	21
1	31	59	21
1	30	59	21
1	29	59	21
1	28	59	21
1	27	59	21
1	26	59	21
1	25	60	21
1	48	57	21
1	49	57	21
1	48	58	21
1	48	59	21
1	49	59	21
1	49	58	21
1	19	21	21
1	20	21	21
1	21	21	21
1	19	33	21
1	20	33	21
1	21	33	21
1	19	41	21
1	20	41	21
1	21	41	21
1	19	49	21
1	20	49	21
1	21	49	21
1	53	56	21
1	54	56	21
1	55	56	21
1	56	56	21
1	57	56	21
1	58	56	21
1	59	56	21
1	60	56	21
1	53	57	21
1	53	58	21
1	53	59	21
1	54	59	21
1	55	59	21
1	56	59	21
1	57	59	21
1	58	59	21
1	59	59	21
1	60	59	21
1	61	59	21
1	62	59	21
1	63	59	21
1	64	59	21
1	65	59	21
1	66	59	21
1	67	59	21
1	68	59	21
1	69	59	21
1	70	59	21
1	71	59	21
1	72	59	21
1	73	59	21
1	74	59	21
1	75	59	21
1	76	59	21
1	77	59	21
1	60	57	21
1	61	58	21
1	62	58	21
1	63	58	21
1	64	58	21
1	65	58	21
1	66	58	21
1	67	57	21
1	68	57	21
1	69	57	21
1	70	58	21
1	71	58	21
1	72	58	21
1	73	58	21
1	74	58	21
1	75	57	21
1	76	57	21
1	77	57	21
1	77	58	21
1	80	55	21
1	81	55	21
1	85	56	21
1	86	56	21
1	87	56	21
1	88	56	21
1	85	58	21
1	85	59	21
1	85	57	21
1	86	59	21
1	87	59	21
1	88	59	21
1	88	58	21
1	92	55	21
1	93	55	21
1	96	57	21
1	97	57	21
1	96	58	21
1	96	59	21
1	97	59	21
1	101	56	21
1	102	56	21
1	103	56	21
1	104	56	21
1	101	59	21
1	102	59	21
1	103	59	21
1	104	59	21
1	101	57	21
1	101	58	21
1	104	57	21
1	104	58	21
1	106	57	21
1	107	57	21
1	110	57	21
1	111	57	21
1	114	57	21
1	115	57	21
1	118	57	21
1	119	57	21
1	122	57	21
1	123	57	21
1	122	58	21
1	122	59	21
1	122	60	21
1	125	49	21
1	125	50	21
1	125	51	21
1	125	52	21
1	125	53	21
1	125	54	21
1	125	55	21
1	125	56	21
1	18	66	21
1	18	65	21
1	19	64	21
1	20	64	21
1	20	69	21
1	19	69	21
1	20	72	21
1	21	72	21
1	18	70	21
1	18	71	21
1	18	72	21
1	18	73	21
1	18	74	21
1	19	75	21
1	20	75	21
1	21	75	21
1	22	75	21
1	23	75	21
1	24	75	21
1	25	75	21
1	26	76	21
1	26	77	21
1	26	78	21
1	26	79	21
1	26	80	21
1	26	81	21
1	26	82	21
1	26	83	21
1	28	76	21
1	28	77	21
1	28	78	21
1	28	79	21
1	28	80	21
1	28	81	21
1	28	82	21
1	28	83	21
1	28	84	21
1	29	76	21
1	30	75	21
1	31	75	21
1	32	75	21
1	33	75	21
1	34	75	21
1	34	76	21
1	34	77	21
1	34	78	21
1	34	79	21
1	34	80	21
1	34	81	21
1	34	82	21
1	34	83	21
1	34	84	21
1	34	85	21
1	34	86	21
1	34	87	21
1	34	88	21
1	34	89	21
1	34	90	21
1	25	82	21
1	24	81	21
1	23	81	21
1	22	81	21
1	21	81	21
1	20	81	21
1	19	81	21
1	18	83	21
1	18	84	21
1	18	85	21
1	18	86	21
1	18	87	21
1	18	88	21
1	18	89	21
1	18	90	21
1	18	91	21
1	19	89	21
1	19	92	21
1	20	92	21
1	21	92	21
1	22	91	21
1	23	91	21
1	24	91	21
1	25	91	21
1	26	91	21
1	27	91	21
1	28	90	21
1	29	85	21
1	29	86	21
1	29	87	21
1	29	88	21
1	29	89	21
1	29	90	21
1	35	91	21
1	36	91	21
1	37	91	21
1	38	91	21
1	39	91	21
1	40	91	21
1	41	91	21
1	42	92	21
1	42	93	21
1	42	94	21
1	42	95	21
1	42	96	21
1	42	97	21
1	41	97	21
1	40	97	21
1	39	98	21
1	38	97	21
1	42	103	21
1	41	103	21
1	40	103	21
1	39	103	21
1	38	103	21
1	37	103	21
1	36	103	21
1	35	103	21
1	34	103	21
1	33	103	21
1	32	103	21
1	31	103	21
1	30	103	21
1	29	103	21
1	28	103	21
1	27	103	21
1	26	103	21
1	25	103	21
1	24	103	21
1	23	103	21
1	22	103	21
1	21	103	21
1	20	103	21
1	19	103	21
11	26	61	21
11	27	61	21
11	28	61	21
11	29	61	21
11	30	61	21
11	31	61	21
11	32	61	21
11	33	61	21
11	34	61	21
11	35	61	21
11	36	61	21
11	37	61	21
11	38	61	21
11	39	61	21
11	40	61	21
11	41	61	21
11	42	61	21
11	43	61	21
11	44	61	21
11	45	61	21
11	46	61	21
11	47	61	21
11	48	61	21
11	49	61	21
11	50	61	21
11	51	61	21
11	52	61	21
11	53	61	21
11	54	61	21
11	55	61	21
11	56	61	21
11	57	61	21
11	58	61	21
11	59	61	21
11	60	61	21
11	61	61	21
11	62	61	21
11	63	61	21
11	64	61	21
11	65	61	21
11	66	61	21
11	67	61	21
11	68	61	21
11	69	61	21
11	70	61	21
11	71	61	21
11	72	61	21
11	73	61	21
11	74	61	21
11	75	61	21
11	76	61	21
11	77	61	21
11	78	61	21
11	79	61	21
11	80	61	21
11	81	61	21
11	82	61	21
11	83	61	21
11	84	61	21
11	85	61	21
11	86	61	21
11	87	61	21
11	88	61	21
11	89	61	21
11	90	61	21
11	91	61	21
11	92	61	21
11	93	61	21
11	94	61	21
11	95	61	21
11	96	61	21
11	97	61	21
11	98	61	21
11	99	61	21
11	100	61	21
11	101	61	21
11	102	61	21
11	103	61	21
11	104	61	21
11	105	61	21
11	106	61	21
11	107	61	21
11	108	61	21
11	109	61	21
11	110	61	21
11	111	61	21
11	112	61	21
11	113	61	21
11	114	61	21
11	115	61	21
11	116	61	21
11	117	61	21
11	118	61	21
11	119	61	21
11	120	61	21
11	121	61	21
12	27	74	21
12	27	75	21
12	27	76	21
12	27	77	21
12	27	78	21
12	27	79	21
12	27	80	21
12	27	81	21
12	27	82	21
12	27	83	21
12	27	84	21
12	27	85	21
12	27	86	21
12	27	87	21
12	27	88	21
12	27	89	21
12	27	90	21

# --- SCENE PORTAL ----	
# type	l	t	ani_set_id,r,b		scene_id,scceneplace,lv
50	124	55	0	125	57	4	2	1
50	19	67	0	20	69	4	3	1
[MAP]
#title	cl	row	w	h	total bit
40	11	29	128	127	309	map\level1-side_map.txt
